0 0.648887 0.0351466 0.0675297 0.0687004
0 0.00922168 0.629519 0.0184434 0.0696444
0 0.493239 0.0406174 0.0659696 0.0812349
0 0.578311 0.0357288 0.0547705 0.0704357
0 0.577611 0.516609 0.0773403 0.138756
0 0.0222509 0.0363313 0.0441839 0.0673231
0 0.913616 0.863839 0.0344535 0.0715125
0 0.776566 0.0388254 0.106818 0.0738262
0 0.334898 0.976377 0.0619454 0.04721
0 0.170206 0.963787 0.0752978 0.0706471
0 0.870718 0.241114 0.076428 0.119442
0 0.98473 0.721373 0.0305405 0.0742925
0 0.499777 0.263783 0.0623696 0.113803
0 0.509408 0.649606 0.0700598 0.128062
0 0.308201 0.255121 0.0848912 0.145847
0 0.399406 0.384294 0.0667152 0.133111
0 0.394565 0.947721 0.0260498 0.0569344
0 0.990715 0.861184 0.01857 0.0683305
0 0.606705 0.894438 0.0450901 0.0738574
0 0.573997 0.140402 0.0804769 0.142323
0 0.0231949 0.432736 0.0463898 0.120119
0 0.242028 0.651791 0.0837407 0.13602
0 0.66419 0.535911 0.0785111 0.137215
0 0.0113794 0.803958 0.0227589 0.0560977
0 0.743488 0.70123 0.0287495 0.0567027
0 0.822375 0.798168 0.0268318 0.0521183
